Date: 02/03/2015 18:46:58


This file represents the co-occurrences of the different features. 
For each user, 2 matrices are shown:
- cooccurences_number: each cell (i,j) represents the number of co-occurrences 
that feature i(row) and j(column) has. This matrix is thus diagonal.
- cooccurences_rates: each cell (i,j) represents the percentage over the number of appearence
of feature i in which i and j appeared together. This is the number of co-occurrences of feature 
i and j divided by the number of occurrences of feature i.
finally the overall users results are shown 
The name,id correspondence of the different features is given at the beginning. The 
id=0 corresponds for example to the first element in features (activityRecognitionResult_activity), ect...


The features ids follows the order below : 
['activityRecognitionResult_activity',
 'androidActivityRecognitionResult_activity',
 'appLaunch',
 'battery_health',
 'bluetooth',
 'notifications',
 'headsetPlug',
 'location',
 'networkInfo_state',
 'telephony',
 'wifiAps',
 'wifiConnectedAp']
 
 
 user 4
co-occurrences number matrix:
array([[  48835.,   43177.,    3632.,   48433.,    8100.,   40890.,   20221.,   47317.,   48561.,       0.,   43330.,   34863.],
       [  43177.,   48686.,    3229.,   48284.,    7273.,   41288.,   22652.,   47265.,   48353.,       0.,   41287.,   33232.],
       [   3632.,    3229.,    5819.,    5805.,     837.,    3318.,    3921.,    5612.,    5795.,      63.,    3952.,    2483.],
       [  48433.,   48284.,    5805.,   65910.,    8647.,   55108.,   36634.,   61721.,   65387.,     333.,   53368.,   39309.],
       [   8100.,    7273.,     837.,    8647.,    8659.,    5949.,    1752.,    8600.,    8636.,     250.,    8223.,    7505.],
       [  40890.,   41288.,    3318.,   55108.,    5949.,  398786.,   31776.,   51591.,   55431.,       0.,   43887.,   32586.],
       [  20221.,   22652.,    3921.,   36634.,    1752.,   31776.,   36647.,   32726.,   36322.,       3.,   24255.,   10135.],
       [  47317.,   47265.,    5612.,   61721.,    8600.,   51591.,   32726.,   62120.,   61692.,     333.,   49824.,   37744.],
       [  48561.,   48353.,    5795.,   65387.,    8636.,   55431.,   36322.,   61692.,   66008.,     330.,   53565.,   39625.],
       [      0.,       0.,      63.,     333.,     250.,       0.,       3.,     333.,     330.,     334.,     334.,     334.],
       [  43330.,   41287.,    3952.,   53368.,    8223.,   43887.,   24255.,   49824.,   53565.,     334.,   53987.,   39807.],
       [  34863.,   33232.,    2483.,   39309.,    7505.,   32586.,   10135.,   37744.,   39625.,     334.,   39807.,   39881.]])

co-occurrences rate matrix:
array([[ 100.  ,   88.41,    7.44,   99.18,   16.59,   83.73,   41.41,   96.89,   99.44,    0.  ,   88.73,   71.39],
       [  88.68,  100.  ,    6.63,   99.17,   14.94,   84.8 ,   46.53,   97.08,   99.32,    0.  ,   84.8 ,   68.26],
       [  62.42,   55.49,  100.  ,   99.76,   14.38,   57.02,   67.38,   96.44,   99.59,    1.08,   67.92,   42.67],
       [  73.48,   73.26,    8.81,  100.  ,   13.12,   83.61,   55.58,   93.64,   99.21,    0.51,   80.97,   59.64],
       [  93.54,   83.99,    9.67,   99.86,  100.  ,   68.7 ,   20.23,   99.32,   99.73,    2.89,   94.96,   86.67],
       [  10.25,   10.35,    0.83,   13.82,    1.49,  100.  ,    7.97,   12.94,   13.9 ,    0.  ,   11.01,    8.17],
       [  55.18,   61.81,   10.7 ,   99.96,    4.78,   86.71,  100.  ,   89.3 ,   99.11,    0.01,   66.19,   27.66],
       [  76.17,   76.09,    9.03,   99.36,   13.84,   83.05,   52.68,  100.  ,   99.31,    0.54,   80.21,   60.76],
       [  73.57,   73.25,    8.78,   99.06,   13.08,   83.98,   55.03,   93.46,  100.  ,    0.5 ,   81.15,   60.03],
       [   0.  ,    0.  ,   18.86,   99.7 ,   74.85,    0.  ,    0.9 ,   99.7 ,   98.8 ,  100.  ,  100.  ,  100.  ],
       [  80.26,   76.48,    7.32,   98.85,   15.23,   81.29,   44.93,   92.29,   99.22,    0.62,  100.  ,   73.73],
       [  87.42,   83.33,    6.23,   98.57,   18.82,   81.71,   25.41,   94.64,   99.36,    0.84,   99.81,  100.  ]])
 
 
 user 5
co-occurrences number matrix:
array([[  61913.,   51178.,    6043.,   61913.,    5210.,   33399.,   46916.,   60779.,   61770.,       0.,   51835.,   33916.],
       [  51178.,   60007.,    5158.,   60007.,    4535.,   33931.,   47496.,   58913.,   59802.,       0.,   50448.,   32409.],
       [   6043.,    5158.,    7473.,    7460.,     618.,    3463.,    5728.,    7177.,    7461.,      90.,    6326.,    3308.],
       [  61913.,   60007.,    7460.,   79370.,    6141.,   45802.,   62105.,   75574.,   79075.,    1410.,   67330.,   43503.],
       [   5210.,    4535.,     618.,    6141.,    6168.,    2842.,    4182.,    5743.,    6159.,       0.,    4845.,    3724.],
       [  33399.,   33931.,    3463.,   45802.,    2842.,  101584.,   44452.,   42877.,   46352.,       0.,   41880.,   23172.],
       [  46916.,   47496.,    5728.,   62105.,    4182.,   44452.,   62195.,   59552.,   62020.,     302.,   54098.,   29667.],
       [  60779.,   58913.,    7177.,   75574.,    5743.,   42877.,   59552.,   75809.,   75542.,    1389.,   64080.,   41077.],
       [  61770.,   59802.,    7461.,   79075.,    6159.,   46352.,   62020.,   75542.,   79848.,    1402.,   67962.,   44102.],
       [      0.,       0.,      90.,    1410.,       0.,       0.,     302.,    1389.,    1402.,    1415.,    1177.,    1189.],
       [  51835.,   50448.,    6326.,   67330.,    4845.,   41880.,   54098.,   64080.,   67962.,    1177.,   68047.,   42337.],
       [  33916.,   32409.,    3308.,   43503.,    3724.,   23172.,   29667.,   41077.,   44102.,    1189.,   42337.,   44222.]])

co-occurrences rate matrix:
array([[ 100.  ,   82.66,    9.76,  100.  ,    8.42,   53.95,   75.78,   98.17,   99.77,    0.  ,   83.72,   54.78],
       [  85.29,  100.  ,    8.6 ,  100.  ,    7.56,   56.55,   79.15,   98.18,   99.66,    0.  ,   84.07,   54.01],
       [  80.86,   69.02,  100.  ,   99.83,    8.27,   46.34,   76.65,   96.04,   99.84,    1.2 ,   84.65,   44.27],
       [  78.01,   75.6 ,    9.4 ,  100.  ,    7.74,   57.71,   78.25,   95.22,   99.63,    1.78,   84.83,   54.81],
       [  84.47,   73.52,   10.02,   99.56,  100.  ,   46.08,   67.8 ,   93.11,   99.85,    0.  ,   78.55,   60.38],
       [  32.88,   33.4 ,    3.41,   45.09,    2.8 ,  100.  ,   43.76,   42.21,   45.63,    0.  ,   41.23,   22.81],
       [  75.43,   76.37,    9.21,   99.86,    6.72,   71.47,  100.  ,   95.75,   99.72,    0.49,   86.98,   47.7 ],
       [  80.17,   77.71,    9.47,   99.69,    7.58,   56.56,   78.56,  100.  ,   99.65,    1.83,   84.53,   54.18],
       [  77.36,   74.89,    9.34,   99.03,    7.71,   58.05,   77.67,   94.61,  100.  ,    1.76,   85.11,   55.23],
       [   0.  ,    0.  ,    6.36,   99.65,    0.  ,    0.  ,   21.34,   98.16,   99.08,  100.  ,   83.18,   84.03],
       [  76.18,   74.14,    9.3 ,   98.95,    7.12,   61.55,   79.5 ,   94.17,   99.88,    1.73,  100.  ,   62.22],
       [  76.69,   73.29,    7.48,   98.37,    8.42,   52.4 ,   67.09,   92.89,   99.73,    2.69,   95.74,  100.  ]])
 
 
 user 6
co-occurrences number matrix:
array([[ 12690.,  10194.,    303.,  12688.,    717.,  11029.,  12593.,   9325.,  12450.,      0.,   5766.,   2396.],
       [ 10194.,  11477.,    347.,  11476.,    600.,   9223.,  11404.,   9468.,  11268.,      0.,   5918.,   2676.],
       [   303.,    347.,   3570.,   3468.,     12.,     46.,   2603.,   2319.,   3567.,   2950.,   2720.,   2687.],
       [ 12688.,  11476.,   3468.,  42383.,    764.,  11495.,  34816.,  29146.,  42112.,  26704.,  27537.,  25838.],
       [   717.,    600.,     12.,    764.,    765.,    666.,    763.,    540.,    762.,     17.,    149.,     22.],
       [ 11029.,   9223.,     46.,  11495.,    666.,  11540.,  11335.,   8498.,  11290.,      0.,   5016.,   1954.],
       [ 12593.,  11404.,   2603.,  34816.,    763.,  11335.,  34902.,  23403.,  34651.,  19427.,  21752.,  18987.],
       [  9325.,   9468.,   2319.,  29146.,    540.,   8498.,  23403.,  29197.,  29162.,  18290.,  19971.,  19145.],
       [ 12450.,  11268.,   3567.,  42112.,    762.,  11290.,  34651.,  29162.,  42717.,  27131.,  27726.,  26241.],
       [     0.,      0.,   2950.,  26704.,     17.,      0.,  19427.,  18290.,  27131.,  27147.,  20350.,  22800.],
       [  5766.,   5918.,   2720.,  27537.,    149.,   5016.,  21752.,  19971.,  27726.,  20350.,  27939.,  23290.],
       [  2396.,   2676.,   2687.,  25838.,     22.,   1954.,  18987.,  19145.,  26241.,  22800.,  23290.,  26254.]])

co-occurrences rate matrix:
array([[ 100.  ,   80.33,    2.39,   99.98,    5.65,   86.91,   99.24,   73.48,   98.11,    0.  ,   45.44,   18.88],
       [  88.82,  100.  ,    3.02,   99.99,    5.23,   80.36,   99.36,   82.5 ,   98.18,    0.  ,   51.56,   23.32],
       [   8.49,    9.72,  100.  ,   97.14,    0.34,    1.29,   72.91,   64.96,   99.92,   82.63,   76.19,   75.27],
       [  29.94,   27.08,    8.18,  100.  ,    1.8 ,   27.12,   82.15,   68.77,   99.36,   63.01,   64.97,   60.96],
       [  93.73,   78.43,    1.57,   99.87,  100.  ,   87.06,   99.74,   70.59,   99.61,    2.22,   19.48,    2.88],
       [  95.57,   79.92,    0.4 ,   99.61,    5.77,  100.  ,   98.22,   73.64,   97.83,    0.  ,   43.47,   16.93],
       [  36.08,   32.67,    7.46,   99.75,    2.19,   32.48,  100.  ,   67.05,   99.28,   55.66,   62.32,   54.4 ],
       [  31.94,   32.43,    7.94,   99.83,    1.85,   29.11,   80.16,  100.  ,   99.88,   62.64,   68.4 ,   65.57],
       [  29.15,   26.38,    8.35,   98.58,    1.78,   26.43,   81.12,   68.27,  100.  ,   63.51,   64.91,   61.43],
       [   0.  ,    0.  ,   10.87,   98.37,    0.06,    0.  ,   71.56,   67.37,   99.94,  100.  ,   74.96,   83.99],
       [  20.64,   21.18,    9.74,   98.56,    0.53,   17.95,   77.86,   71.48,   99.24,   72.84,  100.  ,   83.36],
       [   9.13,   10.19,   10.23,   98.42,    0.08,    7.44,   72.32,   72.92,   99.95,   86.84,   88.71,  100.  ]])
 
 
 user 7
co-occurrences number matrix:
array([[  38566.,   36136.,     758.,   38555.,    1451.,   37448.,   38461.,   38028.,   38278.,       0.,   35275.,   18626.],
       [  36136.,   40517.,     703.,   40506.,    1392.,   39090.,   40416.,   39974.,   40218.,       0.,   35528.,   19357.],
       [    758.,     703.,    2089.,    2086.,     121.,     889.,    1132.,    2065.,    2071.,    1023.,    1419.,    1137.],
       [  38555.,   40506.,    2086.,   51593.,    1898.,   42108.,   44422.,   50569.,   51005.,    7459.,   44853.,   27443.],
       [   1451.,    1392.,     121.,    1898.,    1904.,    1560.,    1714.,    1868.,    1902.,     224.,    1522.,     991.],
       [  37448.,   39090.,     889.,   42108.,    1560.,  106386.,   41906.,   41356.,   41993.,       0.,   36913.,   19832.],
       [  38461.,   40416.,    1132.,   44422.,    1714.,   41906.,   44422.,   43697.,   44035.,     518.,   38264.,   20786.],
       [  38028.,   39974.,    2065.,   50569.,    1868.,   41356.,   43697.,   50577.,   50058.,    7288.,   44043.,   26684.],
       [  38278.,   40218.,    2071.,   51005.,    1902.,   41993.,   44035.,   50058.,   51231.,    7321.,   44522.,   27358.],
       [      0.,       0.,    1023.,    7459.,     224.,       0.,     518.,    7288.,    7321.,    7524.,    7012.,    7113.],
       [  35275.,   35528.,    1419.,   44853.,    1522.,   36913.,   38264.,   44043.,   44522.,    7012.,   45014.,   27483.],
       [  18626.,   19357.,    1137.,   27443.,     991.,   19832.,   20786.,   26684.,   27358.,    7113.,   27483.,   27584.]])

co-occurrences rate matrix:
array([[ 100.  ,   93.7 ,    1.97,   99.97,    3.76,   97.1 ,   99.73,   98.6 ,   99.25,    0.  ,   91.47,   48.3 ],
       [  89.19,  100.  ,    1.74,   99.97,    3.44,   96.48,   99.75,   98.66,   99.26,    0.  ,   87.69,   47.78],
       [  36.29,   33.65,  100.  ,   99.86,    5.79,   42.56,   54.19,   98.85,   99.14,   48.97,   67.93,   54.43],
       [  74.73,   78.51,    4.04,  100.  ,    3.68,   81.62,   86.1 ,   98.02,   98.86,   14.46,   86.94,   53.19],
       [  76.21,   73.11,    6.36,   99.68,  100.  ,   81.93,   90.02,   98.11,   99.89,   11.76,   79.94,   52.05],
       [  35.2 ,   36.74,    0.84,   39.58,    1.47,  100.  ,   39.39,   38.87,   39.47,    0.  ,   34.7 ,   18.64],
       [  86.58,   90.98,    2.55,  100.  ,    3.86,   94.34,  100.  ,   98.37,   99.13,    1.17,   86.14,   46.79],
       [  75.19,   79.04,    4.08,   99.98,    3.69,   81.77,   86.4 ,  100.  ,   98.97,   14.41,   87.08,   52.76],
       [  74.72,   78.5 ,    4.04,   99.56,    3.71,   81.97,   85.95,   97.71,  100.  ,   14.29,   86.9 ,   53.4 ],
       [   0.  ,    0.  ,   13.6 ,   99.14,    2.98,    0.  ,    6.88,   96.86,   97.3 ,  100.  ,   93.2 ,   94.54],
       [  78.36,   78.93,    3.15,   99.64,    3.38,   82.  ,   85.  ,   97.84,   98.91,   15.58,  100.  ,   61.05],
       [  67.52,   70.17,    4.12,   99.49,    3.59,   71.9 ,   75.36,   96.74,   99.18,   25.79,   99.63,  100.  ]])
 
 
 user 10
co-occurrences number matrix:
array([[ 29930.,  26864.,    690.,  29927.,     80.,  28165.,  29870.,  26396.,  18039.,      0.,  29764.,  18346.],
       [ 26864.,  33208.,    615.,  33205.,     78.,  30485.,  33173.,  29468.,  19144.,      0.,  32317.,  19675.],
       [   690.,    615.,   2113.,   2103.,    412.,    596.,    936.,   1923.,   1730.,   1162.,   2065.,   1949.],
       [ 29927.,  33205.,   2103.,  43920.,   1819.,  33780.,  37012.,  38897.,  26555.,   6762.,  42469.,  28388.],
       [    80.,     78.,    412.,   1819.,   1821.,     86.,     96.,   1764.,   1386.,   1725.,   1806.,   1665.],
       [ 28165.,  30485.,    596.,  33780.,     86.,  85164.,  33666.,  30097.,  19331.,      0.,  32856.,  19728.],
       [ 29870.,  33173.,    936.,  37012.,     96.,  33666.,  37027.,  32658.,  21722.,      0.,  35997.,  22317.],
       [ 26396.,  29468.,   1923.,  38897.,   1764.,  30097.,  32658.,  38905.,  25260.,   6200.,  38014.,  26841.],
       [ 18039.,  19144.,   1730.,  26555.,   1386.,  19331.,  21722.,  25260.,  26633.,   4753.,  26560.,  26494.],
       [     0.,      0.,   1162.,   6762.,   1725.,      0.,      0.,   6200.,   4753.,   6794.,   6440.,   6044.],
       [ 29764.,  32317.,   2065.,  42469.,   1806.,  32856.,  35997.,  38014.,  26560.,   6440.,  42541.,  28408.],
       [ 18346.,  19675.,   1949.,  28388.,   1665.,  19728.,  22317.,  26841.,  26494.,   6044.,  28408.,  28457.]])

co-occurrences rate matrix:
array([[ 100.  ,   89.76,    2.31,   99.99,    0.27,   94.1 ,   99.8 ,   88.19,   60.27,    0.  ,   99.45,   61.3 ],
       [  80.9 ,  100.  ,    1.85,   99.99,    0.23,   91.8 ,   99.89,   88.74,   57.65,    0.  ,   97.32,   59.25],
       [  32.65,   29.11,  100.  ,   99.53,   19.5 ,   28.21,   44.3 ,   91.01,   81.87,   54.99,   97.73,   92.24],
       [  68.14,   75.6 ,    4.79,  100.  ,    4.14,   76.91,   84.27,   88.56,   60.46,   15.4 ,   96.7 ,   64.64],
       [   4.39,    4.28,   22.62,   99.89,  100.  ,    4.72,    5.27,   96.87,   76.11,   94.73,   99.18,   91.43],
       [  33.07,   35.8 ,    0.7 ,   39.66,    0.1 ,  100.  ,   39.53,   35.34,   22.7 ,    0.  ,   38.58,   23.16],
       [  80.67,   89.59,    2.53,   99.96,    0.26,   90.92,  100.  ,   88.2 ,   58.67,    0.  ,   97.22,   60.27],
       [  67.85,   75.74,    4.94,   99.98,    4.53,   77.36,   83.94,  100.  ,   64.93,   15.94,   97.71,   68.99],
       [  67.73,   71.88,    6.5 ,   99.71,    5.2 ,   72.58,   81.56,   94.84,  100.  ,   17.85,   99.73,   99.48],
       [   0.  ,    0.  ,   17.1 ,   99.53,   25.39,    0.  ,    0.  ,   91.26,   69.96,  100.  ,   94.79,   88.96],
       [  69.97,   75.97,    4.85,   99.83,    4.25,   77.23,   84.62,   89.36,   62.43,   15.14,  100.  ,   66.78],
       [  64.47,   69.14,    6.85,   99.76,    5.85,   69.33,   78.42,   94.32,   93.1 ,   21.24,   99.83,  100.  ]])
 
 
 user 11
co-occurrences number matrix:
array([[  36589.,   25665.,    5549.,   36584.,     250.,   32555.,   36521.,   22365.,   32558.,       0.,   10969.,    9297.],
       [  25665.,   40735.,    6212.,   40732.,     300.,   35690.,   40682.,   28819.,   35344.,       0.,   12381.,   10842.],
       [   5549.,    6212.,   16967.,   16821.,     107.,    9907.,   11712.,   11430.,   16622.,    5086.,    5923.,    5435.],
       [  36584.,   40732.,   16821.,  109815.,     868.,   70759.,   79959.,   71479.,   98817.,   29326.,   36097.,   32196.],
       [    250.,     300.,     107.,     868.,     868.,     306.,     318.,     592.,     844.,     550.,     367.,     368.],
       [  32555.,   35690.,    9907.,   70759.,     306.,  153552.,   70550.,   45610.,   61227.,       0.,   22708.,   18965.],
       [  36521.,   40682.,   11712.,   79959.,     318.,   70550.,   80128.,   50756.,   69962.,       0.,   25516.,   21493.],
       [  22365.,   28819.,   11430.,   71479.,     592.,   45610.,   50756.,   71496.,   65244.,   20647.,   23523.,   21075.],
       [  32558.,   35344.,   16622.,   98817.,     844.,   61227.,   69962.,   65244.,   99810.,   28853.,   35428.,   32410.],
       [      0.,       0.,    5086.,   29326.,     550.,       0.,       0.,   20647.,   28853.,   29702.,   10590.,   10723.],
       [  10969.,   12381.,    5923.,   36097.,     367.,   22708.,   25516.,   23523.,   35428.,   10590.,   36404.,   32306.],
       [   9297.,   10842.,    5435.,   32196.,     368.,   18965.,   21493.,   21075.,   32410.,   10723.,   32306.,   32499.]])

co-occurrences rate matrix:
array([[ 100.  ,   70.14,   15.17,   99.99,    0.68,   88.97,   99.81,   61.12,   88.98,    0.  ,   29.98,   25.41],
       [  63.  ,  100.  ,   15.25,   99.99,    0.74,   87.62,   99.87,   70.75,   86.77,    0.  ,   30.39,   26.62],
       [  32.7 ,   36.61,  100.  ,   99.14,    0.63,   58.39,   69.03,   67.37,   97.97,   29.98,   34.91,   32.03],
       [  33.31,   37.09,   15.32,  100.  ,    0.79,   64.43,   72.81,   65.09,   89.98,   26.7 ,   32.87,   29.32],
       [  28.8 ,   34.56,   12.33,  100.  ,  100.  ,   35.25,   36.64,   68.2 ,   97.24,   63.36,   42.28,   42.4 ],
       [  21.2 ,   23.24,    6.45,   46.08,    0.2 ,  100.  ,   45.95,   29.7 ,   39.87,    0.  ,   14.79,   12.35],
       [  45.58,   50.77,   14.62,   99.79,    0.4 ,   88.05,  100.  ,   63.34,   87.31,    0.  ,   31.84,   26.82],
       [  31.28,   40.31,   15.99,   99.98,    0.83,   63.79,   70.99,  100.  ,   91.26,   28.88,   32.9 ,   29.48],
       [  32.62,   35.41,   16.65,   99.01,    0.85,   61.34,   70.1 ,   65.37,  100.  ,   28.91,   35.5 ,   32.47],
       [   0.  ,    0.  ,   17.12,   98.73,    1.85,    0.  ,    0.  ,   69.51,   97.14,  100.  ,   35.65,   36.1 ],
       [  30.13,   34.01,   16.27,   99.16,    1.01,   62.38,   70.09,   64.62,   97.32,   29.09,  100.  ,   88.74],
       [  28.61,   33.36,   16.72,   99.07,    1.13,   58.36,   66.13,   64.85,   99.73,   32.99,   99.41,  100.  ]])
 
 
 overall users
co-occurrences number matrix:
array([[ 228523.,  193214.,   16975.,  228100.,   15808.,  183486.,  184582.,  204210.,  211656.,       0.,  176939.,  117444.],
       [ 193214.,  234630.,   16264.,  234210.,   14178.,  189707.,  195823.,  213907.,  214129.,       0.,  177879.,  118191.],
       [  16975.,   16264.,   38031.,   37743.,    2107.,   18219.,   26032.,   30526.,   37246.,   10374.,   22405.,   16999.],
       [ 228100.,  234210.,   37743.,  392991.,   20137.,  259052.,  294948.,  327386.,  362951.,   71994.,  271654.,  196677.],
       [  15808.,   14178.,    2107.,   20137.,   20185.,   11409.,    8825.,   19107.,   19689.,    2766.,   16912.,   14275.],
       [ 183486.,  189707.,   18219.,  259052.,   11409.,  857012.,  233685.,  220029.,  235624.,       0.,  183260.,  116237.],
       [ 184582.,  195823.,   26032.,  294948.,    8825.,  233685.,  295321.,  242792.,  268712.,   20250.,  199882.,  123385.],
       [ 204210.,  213907.,   30526.,  327386.,   19107.,  220029.,  242792.,  328104.,  306958.,   54147.,  239455.,  172566.],
       [ 211656.,  214129.,   37246.,  362951.,   19689.,  235624.,  268712.,  306958.,  366247.,   69790.,  255763.,  196230.],
       [      0.,       0.,   10374.,   71994.,    2766.,       0.,   20250.,   54147.,   69790.,   72916.,   45903.,   48203.],
       [ 176939.,  177879.,   22405.,  271654.,   16912.,  183260.,  199882.,  239455.,  255763.,   45903.,  273932.,  193631.],
       [ 117444.,  118191.,   16999.,  196677.,   14275.,  116237.,  123385.,  172566.,  196230.,   48203.,  193631.,  198897.]])
1:	'activityRecognitionResult_activity',
2:	 'androidActivityRecognitionResult_activity',
3:	 'appLaunch',
4:	 'battery_health',
5:	 'bluetooth',
6:	 'notifications',
7:	 'headsetPlug',
8:	 'location',
9:	 'networkInfo_state',
10:	 'telephony',
11:	 'wifiAps',
12:	 'wifiConnectedAp'
co-occurrences rate matrix:
array([[ 100.  ,   84.55,    7.43,   99.81,    6.92,   80.29,   80.77,   89.36,   92.62,    0.  ,   77.43,   51.39],
       [  82.35,  100.  ,    6.93,   99.82,    6.04,   80.85,   83.46,   91.17,   91.26,    0.  ,   75.81,   50.37],
       [  44.63,   42.77,  100.  ,   99.24,    5.54,   47.91,   68.45,   80.27,   97.94,   27.28,   58.91,   44.7 ],
       [  58.04,   59.6 ,    9.6 ,  100.  ,    5.12,   65.92,   75.05,   83.31,   92.36,   18.32,   69.12,   50.05],
       [  78.32,   70.24,   10.44,   99.76,  100.  ,   56.52,   43.72,   94.66,   97.54,   13.7 ,   83.78,   70.72],
       [  21.41,   22.14,    2.13,   30.23,    1.33,  100.  ,   27.27,   25.67,   27.49,    0.  ,   21.38,   13.56],
       [  62.5 ,   66.31,    8.81,   99.87,    2.99,   79.13,  100.  ,   82.21,   90.99,    6.86,   67.68,   41.78],
       [  62.24,   65.19,    9.3 ,   99.78,    5.82,   67.06,   74.  ,  100.  ,   93.56,   16.5 ,   72.98,   52.59],
       [  57.79,   58.47,   10.17,   99.1 ,    5.38,   64.33,   73.37,   83.81,  100.  ,   19.06,   69.83,   53.58],
       [   0.  ,    0.  ,   14.23,   98.74,    3.79,    0.  ,   27.77,   74.26,   95.71,  100.  ,   62.95,   66.11],
       [  64.59,   64.94,    8.18,   99.17,    6.17,   66.9 ,   72.97,   87.41,   93.37,   16.76,  100.  ,   70.69],
       [  59.05,   59.42,    8.55,   98.88,    7.18,   58.44,   62.03,   86.76,   98.66,   24.24,   97.35,  100.  ]])